0.9880134885
1.002866388
1.006789991
1.043178775
0.9925629311
0.9917739568
0.9995812247
1.049884593
1.021172788
1.003620472
1.028184295
0.9953620242
1.048363377
1.006034231
1.060668294
0.9795290380
1.036979710
1.023945855
0.9970452345
0.9984306509
1.066434533
0.9797754422
1.032762157
0.9927516076
1.046002664
1.016976021
1.038119474
0.9968175279
1.078995333
1.033028543
1.069905772
1.078428644
1.073457906
1.046302241
1.054638379
1.060712266
1.038620493
1.025689838
0.9961668244
1.003779134
1.047868075
1.097691181
1.007382550
1.054936458
1.059714400
1.041093345
1.041074259
1.025154425
1.042545003
1.117890935
1.033148252
1.104277845
1.081320666
1.103314783
1.047420895
1.080917382
1.062038548
1.060680996
1.069396449
1.064724043
1.021637051
1.051271836
1.042212615
1.106172933
1.067614713
1.116361225
1.115586924
1.111930170
1.077307006
1.026893686
1.032260220
1.054206669
1.033082371
1.050624552
1.077675175
1.074388071
1.026190892
1.071446355
1.064188695
1.001555569
0.9947846317
1.013192641
0.9971058079
1.047235306
1.077449412
1.079429437
1.042694906
1.079744017
0.9884708910
1.016336151
0.9865402073
1.045792902
1.066606399
1.034292475
1.066780357
1.022298470
1.000055799
1.029378140
1.016289143
1.031172863
0.9876929618
1.026973071
1.006206154
1.013937491
1.075031581
0.9877556586
0.9965953610
1.081217118
1.069124146
1.080570777
0.9940819277
0.9889877914
1.007156288
1.011357915
1.047028713
1.020187778
1.004435041
1.033644416
1.009420813
1.015886802
0.9863560639
1.095344644
1.026779329
1.071356333
1.091080520
1.068518276
1.026778412
1.055229860
1.043045378
1.077564263
1.054076537
1.101877875
1.095535420
1.077107396
1.021298812
1.070732684
1.042740385
1.042910574
1.074344893
1.043302665
1.006561190
1.100070021
0.9873444309
1.018806194
1.097312502
1.056621056
1.085818234
1.011516748
1.051402660
1.034467534
1.005778294
1.062999710
1.036112328
1.042015223
1.057050974
1.041532034
1.070540830
0.9981942977
1.032216523
1.016459338
1.037258362
1.000250723
1.077276166
1.017367976
1.066212281
1.025805951
1.075414371
1.071737839
1.003344009
1.051185512
1.038827794
1.076618237
1.010302609
1.053490884
0.9926735266
1.028738199
1.065508411
1.014679219
0.9872451425
1.048331987
0.9669712044
1.035177368
0.9577395507
1.032990458
0.9683448944
0.9677914703
1.041280833
0.9886791530
1.033973342
1.003918125
1.038139456
0.9884961435
0.9966573673
0.9697639826
0.9901682168
1.043714747
1.006950113
0.9597631856
0.9946945724
1.018820368
0.9515887175
1.015120836
0.9608853858
1.028074484
0.9779426360
1.015806099
1.013419987
1.049357344
1.056427640
1.005693919
1.016988296
0.9695997801
1.029056526
0.9826232453
1.042182307
0.9597635361
0.9904811600
1.013690539
1.054680588
1.048655063
1.049964113
1.006690376
0.9743682415
0.9839214634
1.033982797
1.017724656
1.048010499
0.9864471144
1.024000326
0.9830404345
1.068693802
1.025991151
1.027350395
1.009925366
1.072155634
1.021645105
1.080887312
1.027815388
1.077854579
1.040404380
1.069490658
1.125227166
1.109647683
1.170349332
1.241681023
1.199532023
1.196708571
1.192023483
1.265325861
1.158410546
1.253886521
1.316459187
1.146791952
1.246214466
1.282710907
1.220919670
1.278691290
1.320840479
1.209760285
1.300508503
1.328208791
1.165810067
1.187890233
1.181781998
1.133006745
1.124238129
1.172988738
1.170494145
1.103028272
1.048093419
1.040453729
1.059746731
1.086596211
1.069655948
1.054586618
1.025724505
1.062990990
1.007919429
1.052763427
1.012456512
1.040625798
1.038833056
1.054333215
1.057108729
0.9704026282
1.034358707
1.028778304
0.9893087199
0.9807798955
0.9979884834
1.025846719
1.047374417
1.062164361
1.030828283
1.064818481
0.9699058421
1.025345658
0.9947260227
1.010233284
1.050409736
0.9976548096
1.070271293
1.021475727
1.032088056
1.050736331
0.9752252169
1.023130754
0.9818851288
1.021392965
1.078444530
0.9932027502
1.054613990
0.9849150095
0.9861103772
1.070542920
0.9864295633
0.9941003232
1.055393760
1.022280974
1.054620866
1.064934599
1.033175665
1.005255259
1.065821343
0.9920483708
1.067662463
1.050493637
1.071035416
1.045620776
1.049107346
1.013820401
1.038257664
1.079616450
1.017541681
1.091560802
1.098353880
1.085829299
1.024893795
1.072884656
1.029499525
1.059629680
1.021984393
1.052187527
0.9952301989
1.100744135
1.034878099
1.086063910
1.067726345
1.021777417
1.052647472
1.060134209
1.093979930
1.032895524
1.073768162
1.059770928
1.012175380
1.009414388
1.028602231
1.036540656
1.079228009
1.060591886
1.007584552
1.033270772
1.074993063
1.012223179
